% time     seconds  usecs/call     calls    errors syscall
------ ----------- ----------- --------- --------- ------------------
 46.38    0.036284          10      3473           write
 36.16    0.028292           8      3271           read
  8.94    0.006992         137        51           unlink
  5.23    0.004090         292        14           unlinkat
  1.07    0.000835           1       552           brk
  0.72    0.000566           4       133           close
  0.53    0.000413           3       133           openat
  0.42    0.000331          33        10           munmap
  0.28    0.000221          36         6           mkdir
  0.10    0.000078           3        21           mmap
  0.08    0.000063          10         6           mremap
  0.05    0.000042           0        44         1 statx
  0.01    0.000010           5         2         2 readlink
  0.01    0.000006           1         6           getpid
  0.01    0.000004           0        14           getdents64
  0.00    0.000003           0         5           linkat
  0.00    0.000002           0        11           fstat
  0.00    0.000002           0        10           fcntl
  0.00    0.000002           0         3           sigaltstack
  0.00    0.000000           0         1           poll
  0.00    0.000000           0         5           mprotect
  0.00    0.000000           0         5           rt_sigaction
  0.00    0.000000           0         2           pread64
  0.00    0.000000           0         1         1 access
  0.00    0.000000           0         1           execve
  0.00    0.000000           0         1           getcwd
  0.00    0.000000           0         1           arch_prctl
  0.00    0.000000           0         1           sched_getaffinity
  0.00    0.000000           0         1           set_tid_address
  0.00    0.000000           0         1           set_robust_list
  0.00    0.000000           0         2           prlimit64
  0.00    0.000000           0         1           getrandom
  0.00    0.000000           0         1           rseq
------ ----------- ----------- --------- --------- ------------------
100.00    0.078236          10      7789         4 total
